55420
45400
46989
34227
5004
2017
20774
41587
19439
28591
26602
3022
22943
51222
51440
7341
1590
9741
28835
43405
15437
58805
32984
36042
17539
64094
5056
17898
37583
14118
60383
3081
51406
5981
33620
64253
54708
54548
16660
45635
4087
678
4191
45760
59554
2342
24899
34546
25123
52750
53093
44700
52516
50874
39363
60828
54079
7102
31334
60304
31256
27180
47763
39317
20209
43198
65239
2801
11416
48000
53545
61223
14430
5604
30157
42489
34938
14717
56478
39572
64406
62285
15241
47293
51128
33421
64288
3972
11148
42732
31483
7987
2416
18681
58332
38353
27875
41666
51464
62819
35382
41028
64442
33471
31484
33738
23186
2542
12529
39375
63148
16411
2571
7867
63384
30845
25735
5884
49759
52428
9770
13343
3313
61395
36864
28539
27278
29892
62621
33120
9581
7561
5103
2686
49754
39026
27081
10448
41575
14251
42309
20987
57672
32277
39832
63188
49943
41672
17118
30525
60895
20882
54586
56988
59676
16680
64625
22616
17157
43437
30350
9523
36903
3637
48805
30303
47234
9170
63133
5559
40364
18258
14720
21602
47718
59836
5603
50702
34054
35240
49016
51073
58912
16049
27253
26475
15226
64158
44230
47295
6025
33831
62742
55916
7933
50969
32721
39233
11071
32762
23521
49849
49585
927
19670
21045
16127
4242
48163
8784
884
15881
40982
51596
58340
58782
49768
39171
511
57186
13112
11578
35260
17991
56572
49347
12134
54028
5026
5811
26071
26611
59988
50105
19968
50794
63738
16586
15096
23305
47633
13664
10244
47740
37912
64062
45920
7504
5293
27652
39007
36694
36877
46976
28932
62404
49902
5225
57748
42826
55313
9869
37749
51222
15291
32125
24233
48678
30332
61422
13840
59427
13291
9815
20856
38648
2585
57389
21601
12312
18725
27874
61655
12577
24693
36166
38384
23058
26102
55289
57467
52149
15617
44035
48598
59499
19105
23510
60298
7273
46626
12598
56774
57875
56168
9232
12859
50587
55944
2864
63355
25232
29237
58011
63992
17703
33377
47124
27306
53642
30454
24430
63198
19478
18771
15801
26860
28687
61201
2265
13464
44391
44865
4174
44100
52191
35251
37023
48106
55404
18241
17657
55340
37744
60410
13926
45424
8590
44384
1556
16473
14218
42275
15377
61785
62053
46342
40656
19343
49557
16459
9487
6955
22650
58135
40017
19531
18435
24167
52672
38880
20512
53290
29341
29712
29819
41095
7273
25556
38722
32887
52196
31121
41365
28540
2411
19816
51716
6220
10489
42276
12387
23427
166
59466
2463
38181
49688
14876
55316
58249
10823
44222
29657
23753
42801
40703
56409
61727
64872
39275
16372
34044
63338
14778
18808
15176
39738
13684
27652
44968
42893
45127
36637
3994
54691
65519
33789
14477
46986
8546
5470
46718
28822
12535
12776
15075
59219
62530
45437
50288
8568
12279
62751
42607
62374
4475
12905
12171
3168
18908
37993
13571
9111
45685
38656
60886
792
341
40290
37477
30706
30745
57994
13833
38414
51802
35218
29199
7617
9398
60934
14791
7087
8577
61447
40789
56705
10276
1836
21893
11991
46847
32870
19916
8426
10421
43077
16287
51534
54341
25288
4373
53583
54910
5696
46406
2942
14999
64973
60503
49385
41463
15523
33106
63194
30751
4796
56080
35234
25110
45364
32298
56483
6213
38312
3599
52275
37190
25477
24885
1792
9047
42457
55475
33443
35827
7878
45982
11929
6353
37128
62416
43386
9871
44657
22870
41772
61123
55840
19646
56128
1072
10435
27803
43457
43051
53902
4236
39436
21059
39964
366
30598
49990
29546
1113
60236
61678
7844
39367
23654
6178
51688
34095
39420
39705
2527
45159
9456
48896
30943
47884
60400
21561
65039
50592
30494
15692
34675
41944
55050
15699
9095
50799
61963
34610
62213
40063
52048
62944
581
31676
9394
23335
16651
63339
63320
55407
12945
60583
1085
7128
39806
277
33919
46661
7011
17444
26245
37994
55533
35953
43219
12367
60872
55139
10686
497
12134
49753
38065
28446
3739
24503
7810
21642
14285
30801
12915
50900
10818
22524
32166
55685
21842
50236
26298
50983
16447
45742
44945
26489
35595
56282
46
21229
3785
52025
28419
46163
18429
36910
52672
40399
26814
35370
56710
46222
47112
56865
25276
23068
10915
12619
62445
49728
46729
7938
59463
62420
46461
10715
54690
53675
38305
23733
64534
29034
4286
31836
61862
10350
35699
11953
1132
30163
5779
20153
34954
58260
48339
20006
37310
60119
22593
58035
8885
6160
35622
49381
24182
3536
47728
5078
48845
32886
382
5087
15818
62517
9092
16749
1038
31211
64300
40800
53913
8365
63589
58935
37095
35241
58443
14419
14258
27774
36452
56519
37428
50064
49931
821
56080
23704
11018
29909
11213
12703
36536
22149
44515
62616
42246
2814
57194
52043
47044
48087
29548
15726
15250
51613
2808
41743
10829
10202
26899
150
50164
38597
52194
44988
754
29427
47662
44045
57083
63635
4345
65096
41960
62788
12897
61026
33440
58955
26860
10292
54934
59951
27042
23968
50725
4611
10123
41415
11326
59589
13614
26338
35157
13269
53299
53943
56951
20392
33028
55258
16849
17607
20528
62197
1647
64574
54722
36497
62333
25843
30707
21691
8252
1623
46815
16172
7035
23967
20047
7196
30155
33430
46515
51847
8019
19775
19774
25497
15125
32574
36282
21475
42016
4257
21457
29847
56245
34871
57103
7933
3067
27062
7486
2479
14355
109
9218
17225
14821
47545
22859
34859
22186
34779
20298
27705
42745
24998
5754
48440
23591
30429
6203
12716
50592
33089
2728
62106
29550
12462
23282
3839
43534
55850
27427
7645
44218
45081
6773
41571
61769
4522
29009
33900
49501
15049
41764
43364
60026
26947
23910
28145
6128
39108
1029
8899
6222
19254
50404
26088
23260
34551
38343
6433
15009
46457
16061
7268
29076
23783
36481
56583
12998
41682
2920
11586
45813
1753
45452
57429
16146
3870
11076
62577
46489
34592
767
63532
15505
6387
29190
7419
14607
10837
1709
34240
55288
4120
35356
51188
16718
31646
31390
59848
55635
62869
34631
65406
41937
53088
44408
45416
65511
3913
39876
43393
62512
60397
35144
7881
13914
46665
49109
21729
62503
61717
11158
2750
16659
29827
40831
2850
26973
8352
27590
41009
27491
56148
61122
51180
33124
37671
286
7469
8682
14872
22714
22227
47793
13768
4618
39108
56135
32999
39504
8007
40855
42660
54881
51238
10766
